11 0.0540188 0.918801 0.100886 0.124701
11 0.570656 0.666238 0.0789195 0.154256
8 0.550292 0.404445 0.0791561 0.164433
6 0.172815 0.514177 0.0865994 0.175219
3 0.953426 0.160238 0.0726681 0.144861
5 0.056329 0.0402181 0.0812612 0.0804362
9 0.563059 0.544572 0.0624672 0.129638
5 0.943062 0.0548315 0.0788729 0.106301
3 0.0453134 0.144932 0.080198 0.154434
2 0.302157 0.266644 0.0822676 0.163787
3 0.178753 0.402153 0.0734825 0.133072
7 0.557218 0.898993 0.0909512 0.189807
9 0.698916 0.823445 0.0848765 0.113241
9 0.302495 0.797191 0.0666272 0.104037
9 0.673245 0.547013 0.0745887 0.132055
8 0.303595 0.648258 0.0764599 0.14813
9 0.160513 0.798921 0.0742553 0.111507
9 0.95944 0.830522 0.0811208 0.115663
3 0.312719 0.150803 0.0627116 0.137903
9 0.801243 0.808927 0.0789554 0.110991
6 0.419479 0.629173 0.0749396 0.174518
3 0.708508 0.142856 0.0539915 0.149104
3 0.543237 0.156224 0.0612032 0.147377
9 0.0342889 0.790998 0.0647925 0.118453
2 0.692533 0.260555 0.0835964 0.174638
1 0.567955 0.0502274 0.0829469 0.100194
3 0.421047 0.415511 0.0540886 0.135617
3 0.447576 0.222926 0.0790035 0.270449
11 0.828315 0.487674 0.12131 0.241706
10 0.828388 0.487424 0.119679 0.23882
